0.000717928394499
0.000217892768478
0.000261521285606
0.000452437734084
0.00107536880231
0.00726888887864
0.0170983203678
0.00145292248311
0.000474675576289
0.000265652854832
0.000175756209589
0.000155497336526
0.000103441445612
8.02147951093e-05
6.87404912947e-05
5.25944305614e-05
5.41960320388e-05
0.000163730580918
4.44111369738e-05
4.71363564048e-05
4.52357098502e-05
4.45139976084e-05
5.33533940134e-05
4.69569645756e-05
2.89281250843e-05
3.85184658589e-05
2.89018309467e-05
3.47117935773e-05
4.56168866281e-05
2.35331570782e-05
2.20484681447e-05
2.66535305044e-05
3.23826393529e-05
3.34770370865e-05
2.84717956814e-05
3.20350374296e-05
3.05467102058e-05
1.61023164183e-05
2.308911956e-05
4.13014320879e-05
2.45633818144e-05
3.53519827229e-05
1.8023479899e-05
2.34956715334e-05
2.46573859835e-05
1.98880812558e-05
2.25963864223e-05
2.12839312837e-05
2.70016834143e-05
2.20058194351e-05
2.34825820852e-05
2.36912543128e-05
2.08800763233e-05
1.94206481685e-05
1.73241455058e-05
2.1208161303e-05
2.97018266835e-05
2.57327665029e-05
2.82523598598e-05
2.05438986969e-05
2.43658172311e-05
2.7446851872e-05
1.9754831323e-05
1.75646040483e-05
2.82913744419e-05
1.72591334643e-05
1.99290085667e-05
2.15717778727e-05
1.57803606164e-05
1.8714713707e-05
2.4206639033e-05
2.13324873384e-05
2.17942292347e-05
3.13277409325e-05
2.06889540022e-05
2.27621500168e-05
2.19439871346e-05
1.74065718738e-05
1.30952396852e-05
1.73135053083e-05
3.0104133698e-05
2.25996746649e-05
2.26765629515e-05
1.64643386933e-05
2.42071619874e-05
1.88408569762e-05
2.23588774962e-05
2.18196139462e-05
1.96494995731e-05
1.85973818987e-05
3.60716229302e-05
2.3142779298e-05
2.3460688073e-05
1.84901900845e-05
2.1199707255e-05
1.50083533901e-05
1.95091728908e-05
1.69067728187e-05
2.32183442358e-05
1.81609521797e-05
2.62159578608e-05
