0.000460335411439
0.000752630210298
0.00267209667274
0.0051090133695
0.00737414664142
0.024160572687
0.00790353330628
0.00566992161033
0.00264787289516
0.000828944630574
0.000176486638934
0.000204050046163
0.000410689040824
0.000437307884457
0.000215623288184
0.00130701895693
0.000114998603076
0.000242250481229
0.000271583308578
0.00018123783553
8.64693212197e-05
8.27705171023e-05
0.00010535771175
0.000114005421002
0.000104278700871
0.000205161488685
8.94794624229e-05
0.000218122189299
0.000257247080446
0.00015273496167
7.00128880619e-05
4.29771098994e-05
5.7986595375e-05
9.06809909034e-05
5.88311487644e-05
0.000102138462001
4.45204306203e-05
5.69097703881e-05
6.8290775609e-05
8.6429125912e-05
6.53611140912e-05
3.40471253364e-05
8.02670408546e-05
0.000104674682633
8.17378443911e-05
7.35186772108e-05
3.40825867982e-05
3.60090507268e-05
0.00010187359439
9.8876072073e-05
4.48261162161e-05
5.11737320994e-05
5.37964136873e-05
6.19416432985e-05
5.27142638319e-05
5.40928834328e-05
6.01466078033e-05
4.42350706205e-05
5.27481719604e-05
8.53923089171e-05
8.09485841495e-05
6.18830413876e-05
5.38526035127e-05
5.49584803436e-05
7.65564408326e-05
3.80493580286e-05
6.73575925218e-05
4.16403596196e-05
5.14116039587e-05
6.7663974112e-05
5.70426486204e-05
5.0187989376e-05
6.56637259874e-05
7.57150469692e-05
7.23681293356e-05
6.04885562784e-05
4.09137830993e-05
2.30961626982e-05
4.93361756609e-05
5.2015774735e-05
3.92386773675e-05
3.09241054531e-05
3.05685717586e-05
6.56137677939e-05
4.55477791531e-05
3.5719461988e-05
5.31889087875e-05
4.36731254081e-05
3.99621279288e-05
5.7267629553e-05
5.59720812963e-05
5.18414549375e-05
3.09922988135e-05
4.60028489322e-05
5.18670020004e-05
4.95936187701e-05
3.15719431528e-05
3.82919168377e-05
6.74205216855e-05
7.01688123637e-05
8.38573104166e-05
