0.000777532625645
0.000116057202606
0.000118135239524
0.000237567105923
0.00051857052942
0.0028967515219
0.00855125810067
0.000672122348167
0.000228492007653
0.000163066288467
0.000118623497625
0.000108738874257
0.000107302024451
8.91696902528e-05
9.39920664493e-05
7.3341890778e-05
0.000288617876514
0.00821825518003
0.000149445729808
7.55706794242e-05
5.39438721177e-05
4.15435421154e-05
5.06510440617e-05
6.76381620055e-05
4.17777277868e-05
7.5345451492e-05
9.8279690369e-05
0.000196828775031
0.00387533785739
0.000416092386203
8.7699239152e-05
5.22266660034e-05
7.1110325415e-05
3.59256165647e-05
4.39088548582e-05
5.0584923518e-05
5.36624895959e-05
7.69096128908e-05
0.000126725712163
0.00114726660155
0.000793755386745
0.0001079978585
7.92887529545e-05
3.5493061635e-05
3.49933148837e-05
4.65859453186e-05
5.40300524553e-05
4.96935402433e-05
4.42100330138e-05
7.86676317818e-05
0.000324614920688
0.000827828113968
8.3617234443e-05
5.76200607254e-05
2.78195878699e-05
3.55264971125e-05
3.33698676452e-05
4.09117762869e-05
4.06861243017e-05
5.53290903052e-05
5.49662185048e-05
0.000156879674078
0.000645424667168
0.000117901425098
5.27424300689e-05
4.1992662053e-05
2.7496929726e-05
2.25949508003e-05
4.29065043011e-05
5.07032487046e-05
4.08740449905e-05
5.76463959864e-05
0.000112194104349
0.000314562993889
0.000134398222745
3.54803460892e-05
2.09888950024e-05
3.55239035545e-05
2.44734084017e-05
3.63336486601e-05
4.61140625204e-05
6.5323720229e-05
9.88761685436e-05
7.78038392311e-05
0.000192826596465
0.000152340774208
7.06446500914e-05
3.02949536994e-05
2.7371768593e-05
3.6060981805e-05
4.58633826353e-05
4.40911662735e-05
0.000100392323442
0.000149211109764
0.000141040314069
0.000175181087301
0.000197974978065
0.000115117369895
3.57699044087e-05
4.6232650768e-05
4.43126801365e-05
