0.000416623347159
0.000103648936488
0.000119376247946
0.000161153507945
0.000473756265304
0.00224329420207
0.0151259176343
0.000712464457925
0.000268760488922
0.00013479419279
9.43783626953e-05
5.74077815434e-05
5.35422901148e-05
4.60940441821e-05
2.64997463932e-05
3.13586853494e-05
3.10228898288e-05
8.57273673705e-05
3.43992748719e-05
2.27460987258e-05
2.13577011999e-05
1.88581387779e-05
1.86109327241e-05
1.57870793909e-05
1.85350517294e-05
1.84765171658e-05
1.18718004985e-05
1.67209374341e-05
1.90203523914e-05
2.03611378937e-05
1.42270567693e-05
2.016282715e-05
1.30284954334e-05
8.73571407935e-06
1.3319304632e-05
1.84413824947e-05
1.34458890599e-05
1.1911608655e-05
1.48606648669e-05
1.34034256574e-05
1.19403843529e-05
1.01430446799e-05
1.35409308647e-05
1.35259303966e-05
1.33684247259e-05
1.0868369749e-05
1.18332687132e-05
1.29864212483e-05
1.20868374331e-05
8.25004632537e-06
1.35956575442e-05
1.61876948058e-05
1.18253767033e-05
1.29912179001e-05
1.10748065349e-05
1.3651341718e-05
1.16867847694e-05
1.32819778699e-05
1.33471466623e-05
1.07142019784e-05
1.12219515856e-05
1.366323528e-05
8.64383584461e-06
1.2619784246e-05
9.27446841497e-06
1.1861600983e-05
1.37049534932e-05
9.77144782858e-06
1.25125285418e-05
1.45810676047e-05
1.10007304252e-05
1.21589087311e-05
1.30467713607e-05
1.09113815858e-05
1.45959934282e-05
1.10945235777e-05
9.18042724199e-06
9.83517540233e-06
8.83753192254e-06
1.21902513108e-05
1.03629972601e-05
1.13035748006e-05
1.05805280831e-05
1.16740481973e-05
8.25091187528e-06
9.53749402031e-06
7.70668642939e-06
9.97672718262e-06
1.16883149518e-05
1.36805430073e-05
1.28484592616e-05
1.17080355626e-05
1.34724381427e-05
1.01657740034e-05
1.15758409026e-05
1.03746735638e-05
1.11249330169e-05
1.11150900271e-05
1.36831361897e-05
1.37840147171e-05
1.02732497553e-05
