0.00156797214297
0.000109163158934
0.000110976835835
0.000102022962715
0.000438667182709
0.00508049167336
0.000384140506907
8.02896417074e-05
9.01075735562e-05
9.77256826957e-05
0.000145233979695
7.2377791494e-05
0.000125923255587
0.000233765749403
0.00114325369327
0.00179182970929
0.00102078458688
0.000180022551084
9.76392400763e-05
0.00010153443
8.13910132033e-05
6.79969424834e-05
0.000135995112873
0.000414890408629
0.00093760587898
0.000852639153341
0.000914319246006
0.000495237604183
0.000115995905878
9.7864703482e-05
7.34021057683e-05
0.000123752004581
0.000169050693662
0.000391750241578
0.000391905344528
0.000460533199625
0.000397615334635
0.000411433287591
0.000244725302143
8.37567907422e-05
8.2994664162e-05
0.000108182744531
0.000220515334915
0.000269207724007
0.000219704012603
0.000217389742566
0.000193546639647
0.000207250149572
0.000224497896321
0.000145497104573
7.70917175453e-05
0.000109337082664
0.000181265522686
9.39988635873e-05
0.000132071989639
0.000118111264815
0.000124512903664
0.000120763159763
0.000136445403285
0.000128715257976
8.41604723718e-05
8.93779821991e-05
9.08621064338e-05
7.20461588776e-05
7.72045082698e-05
6.86445368338e-05
7.39982909879e-05
6.95487269277e-05
9.35918253191e-05
6.92000595775e-05
4.54140584328e-05
5.67508512562e-05
5.07559481143e-05
7.2854903023e-05
4.18467784199e-05
7.24751958583e-05
4.43530201356e-05
5.72654241167e-05
6.28452482763e-05
6.20831571717e-05
5.08164056369e-05
6.77168352375e-05
7.38727584192e-05
5.35378995464e-05
8.82663173362e-05
4.91303696221e-05
5.2665170612e-05
7.81407834107e-05
6.99970047543e-05
5.87681895351e-05
8.01334011448e-05
5.09547672441e-05
5.16886202365e-05
6.80590441603e-05
6.39625259438e-05
6.035087684e-05
6.2568577703e-05
6.20818906498e-05
6.93745888111e-05
5.70562582368e-05
6.9722302741e-05
