0.00357077521076
0.000142781896229
8.306866052e-05
0.000116394482357
0.000208308113506
0.0271559986603
0.000320985426363
0.000151432978804
0.000173914669955
0.00013331096319
0.000365664495576
0.000157829069764
0.000187940309627
0.00022743638559
0.00140304630506
0.0199774687847
0.00149450537773
0.000301653643034
0.000202591630662
0.000113412879197
0.000259892782722
0.000185106411593
0.000163353869424
0.000422421517009
0.00215245629753
0.0101973484716
0.00253412969612
0.000530779583304
0.000183567439283
0.00017427190256
0.000200999379096
0.000159713315347
0.000226200267957
0.000442654002544
0.00117089792634
0.0035680996133
0.00124626424397
0.00029169496543
0.00015820338891
0.000151427792851
0.00013671066257
0.000150824647973
0.000109801301134
0.000357965598957
0.000550398663333
0.000920299894077
0.000430290748071
0.00019081710452
0.00015652413075
0.000143357144593
0.000112828639767
0.000116066248311
7.05825205951e-05
0.000113385237006
0.000262015408855
0.000243203813604
0.000214006642101
0.000125621225842
5.56551497244e-05
0.000161105924564
0.000103142999441
7.61201580815e-05
9.74217568653e-05
0.000122761202178
0.000226334525897
0.000243250390531
0.000272887544943
8.62568429589e-05
8.75403285927e-05
9.22278947841e-05
8.55256095898e-05
0.000118278342405
0.000124823480069
0.000247383050192
9.5256338556e-05
0.000292665815094
0.000317778999293
8.79162126653e-05
0.000101004213078
0.000141285752884
7.22559897793e-05
0.000102437399257
0.000115619758039
0.00012039729401
0.00015024186673
0.000244256651777
0.000212703924475
0.000107575083551
0.000133969627831
0.000103376646492
8.46031238655e-05
4.95313458817e-05
7.43678410282e-05
0.000108042779243
9.30841707775e-05
0.000205617655343
4.60652221723e-05
7.3139175532e-05
0.000124252148655
5.92649708609e-05
7.89632596037e-05
