0.00495683531328
0.00361612932473
0.00236743131155
0.00295881848214
0.00883010379034
0.130448345315
0.00852936945455
0.00298358192956
0.00155179797754
0.00209381809628
0.0158125276866
0.000210772242128
3.07730149866e-05
8.09903596013e-05
0.000164218445935
0.00230412534051
0.000159400996771
0.000106867526272
0.000104360370029
0.000128295766414
0.00276973254083
0.000231697893184
0.000158470267411
3.34175908351e-05
9.95130130423e-05
0.00447568908576
0.000230575419273
3.67302012147e-05
4.89203224938e-05
3.95729790797e-05
0.000191124187307
7.50687060661e-05
4.21060067239e-05
7.35593028341e-05
0.000201322583865
0.000719257582305
0.000110340835271
2.80398008405e-05
4.12304591363e-05
3.36695298728e-05
9.13148178344e-05
9.03687748979e-05
8.76016471184e-05
3.76048174283e-05
9.209591867e-05
0.000114382742866
5.06688963987e-05
4.3029850106e-05
3.04793231037e-05
8.07041534722e-05
4.01525744292e-05
4.05240297625e-05
5.19513201043e-05
5.49520833912e-05
0.000105720046563
8.14868738258e-05
0.00011716122077
4.5926871289e-05
3.53136717077e-05
4.42165534886e-05
2.91093518453e-05
3.6988206393e-05
4.86814333752e-05
5.26414267412e-05
4.44225497559e-05
4.4411476031e-05
2.56572728694e-05
1.71181881987e-05
5.13522866547e-05
3.7905058412e-05
5.14070931267e-05
4.61736688227e-05
4.24711944195e-05
2.82059124654e-05
6.12452032848e-05
4.8462085474e-05
3.34696953521e-05
1.90363665406e-05
4.448314958e-05
2.34337529366e-05
3.44965820437e-05
5.65303500926e-05
4.80467394621e-05
3.1526544869e-05
1.71573660086e-05
2.96752204896e-05
5.04453137727e-05
5.10019463673e-05
1.42404929557e-05
2.44771475266e-05
2.40729235847e-05
4.78292688386e-05
3.46104884923e-05
8.57326539055e-05
6.07282017003e-05
2.59211817087e-05
1.96342715272e-05
1.9258574798e-05
4.4577009276e-05
2.48455992081e-05
5.42595122453e-05
