9.04693925054e-05
9.26574743362e-05
9.36020439675e-05
0.000104567847345
0.000267294503917
0.0042853311737
0.000287236827891
0.000103668533864
9.90637968647e-05
0.000101350090927
0.000101392247601
9.73286573984e-05
9.91794967036e-05
0.000112502030662
0.00018833812735
0.000261800769822
0.000200887045728
0.000110420387518
0.000100044032274
9.88263189171e-05
9.80095909815e-05
9.66004189731e-05
9.44973374709e-05
9.69509658275e-05
9.88500039376e-05
0.000110745213399
9.7021526061e-05
9.39524807987e-05
8.83260562782e-05
8.49987559157e-05
8.21544047024e-05
7.95394227187e-05
7.63758064445e-05
7.44317234582e-05
7.27244466158e-05
7.10068338667e-05
6.47244497344e-05
6.07025509774e-05
5.75492034308e-05
5.40916999687e-05
5.07995118224e-05
4.73371692357e-05
4.42332897775e-05
4.08664632494e-05
3.81226855128e-05
3.4302898629e-05
3.15923389301e-05
2.79327496973e-05
2.5174368109e-05
2.2767400697e-05
2.02745628577e-05
1.80269407993e-05
1.61271226577e-05
1.42512482606e-05
1.26465177146e-05
1.07467717046e-05
9.80768925863e-06
8.49310418357e-06
7.52632559873e-06
6.91906950467e-06
6.4584827195e-06
6.07842008858e-06
5.9176927549e-06
5.90549598418e-06
5.85707800311e-06
6.17461991499e-06
6.34275653442e-06
6.93187438874e-06
7.2991742465e-06
7.77436301013e-06
8.27933718175e-06
9.00388679939e-06
9.54854765173e-06
1.01592248878e-05
1.07870312326e-05
1.1519850412e-05
1.20072262487e-05
1.25657681764e-05
1.31305170374e-05
1.34351934555e-05
1.37677386154e-05
1.4145212041e-05
1.44333738635e-05
1.46376701011e-05
1.49519281369e-05
1.50215300866e-05
1.53020289824e-05
1.51718422484e-05
1.52747375666e-05
1.53641067888e-05
1.52369146211e-05
1.50741510396e-05
1.50532225795e-05
1.50089792847e-05
1.4779690603e-05
1.48406436522e-05
1.46758805077e-05
1.46622785109e-05
1.46156666831e-05
1.47243273572e-05
1.47291407577e-05
