7.69792100909e-05
2.99743757238e-05
3.83343507998e-05
5.51847174388e-05
0.000138670343172
0.000887590676836
0.00208663222401
0.000164520225607
6.19662704327e-05
3.69102684841e-05
2.63592452222e-05
2.3833621458e-05
1.97334765095e-05
1.80302595478e-05
2.14315474743e-05
4.12899212425e-05
0.000153595351171
0.00241505821845
7.29281332153e-05
2.73991323702e-05
1.54301727995e-05
1.18256613424e-05
1.27647305949e-05
1.03257125255e-05
9.41310118311e-06
1.14926342397e-05
1.3110795318e-05
4.26163221365e-05
0.00153347424121
5.5066396874e-05
1.38990896554e-05
8.36905787427e-06
6.51642432665e-06
6.93501987208e-06
9.67399932574e-06
8.19880960527e-06
1.07928545372e-05
1.58351077872e-05
4.49223916065e-05
0.000670844357626
0.000137892451249
2.09590864567e-05
1.17494879395e-05
8.78222976613e-06
7.80236550583e-06
8.7953450213e-06
9.52833512631e-06
9.34530116253e-06
1.7706283264e-05
2.87893202441e-05
0.000231953812273
0.000187707239867
2.18102068872e-05
1.22194693535e-05
7.12617774314e-06
6.48367475461e-06
8.23197985488e-06
7.86334479169e-06
9.48266216309e-06
1.35916963975e-05
1.52582832879e-05
8.5888538445e-05
0.000171396611563
1.98328353609e-05
8.07890665833e-06
6.28695529941e-06
5.86101656468e-06
6.65415425134e-06
6.64913382939e-06
8.11314585144e-06
1.51380561948e-05
1.36184396729e-05
3.23146693613e-05
0.000105382202721
2.06497083099e-05
9.03497016298e-06
5.79439221528e-06
5.45868956651e-06
5.28170106732e-06
7.53394023465e-06
1.12606561174e-05
2.66957085578e-05
2.29436861424e-05
1.6946732466e-05
6.54445053093e-05
2.414333939e-05
8.89333246001e-06
4.81958697198e-06
5.51004366711e-06
5.73073555755e-06
6.35087786226e-06
1.21807114143e-05
3.2033918825e-05
4.44744454551e-05
1.42726813741e-05
5.85363009934e-05
2.70238901655e-05
1.12380340133e-05
4.99275094919e-06
4.83066451633e-06
