0.000170528570646
3.20878736816e-05
3.61948645147e-05
4.90918156068e-05
0.000116083868404
0.000573212853365
0.00254854017349
0.000154442627329
5.99240237519e-05
3.68586130411e-05
3.22979044155e-05
3.12604960131e-05
2.57516080225e-05
2.58681262632e-05
2.20906864859e-05
2.45344843751e-05
6.63372086491e-05
0.00315892307489
8.09026228401e-05
2.03015830761e-05
1.80733444069e-05
2.08954797854e-05
2.23198033828e-05
2.17337757598e-05
3.31264307208e-05
2.63581038058e-05
4.42497697793e-05
0.000124914032353
0.0011740559607
0.000705768835351
8.13709559995e-05
4.08216989532e-05
2.89200950781e-05
2.3180103665e-05
2.76100414195e-05
3.18641942387e-05
2.48186587046e-05
2.45413388558e-05
5.49550380146e-05
0.000191060801275
0.00107678886207
7.20222116173e-05
2.65353149529e-05
1.98375983299e-05
2.3100723911e-05
1.85945670338e-05
1.57484510306e-05
2.84237404753e-05
2.43149186955e-05
2.58799131413e-05
5.86220656835e-05
0.000597504062206
0.000137744935196
2.62426689623e-05
2.10731292497e-05
1.85560595348e-05
1.74510669009e-05
2.662738948e-05
2.98871140246e-05
3.21294058467e-05
1.98012549845e-05
3.78438408696e-05
0.000183273297866
0.000210106912355
3.35076568798e-05
2.03691067483e-05
1.71475164414e-05
1.77627333188e-05
2.97201174454e-05
2.80341784956e-05
3.93653125065e-05
1.48658478532e-05
2.34799337195e-05
5.37141329181e-05
0.000152697183154
3.77870516415e-05
1.8685501145e-05
1.32876408674e-05
1.39908195115e-05
1.96963076131e-05
3.09464281978e-05
4.51414927052e-05
2.42208379866e-05
1.30849435302e-05
2.61706289632e-05
7.9404947106e-05
5.19885087707e-05
1.6273340984e-05
1.38825035462e-05
1.16556621575e-05
1.28179096509e-05
2.89301521653e-05
4.50816102214e-05
3.07640654464e-05
1.68158964719e-05
1.88088350044e-05
4.58672587192e-05
5.49513062289e-05
2.35294731069e-05
1.45821190652e-05
1.58788830708e-05
