5.20435073176e-05
3.23036916614e-05
3.66283965929e-05
6.04963457123e-05
0.000420479363658
0.0111425670169
0.000383340818642
3.7757133702e-05
2.3241832996e-05
1.48307168394e-05
1.49897829723e-05
9.65418667854e-06
6.93222367611e-06
5.6361606653e-06
5.37180986312e-06
5.03619904805e-06
4.04894266743e-06
3.77228401183e-06
3.70454338308e-06
4.20040879687e-06
3.59266237303e-06
4.17322241921e-06
3.85326476185e-06
3.9398418974e-06
4.48383083614e-06
3.60803894746e-06
3.63058291413e-06
2.94879583848e-06
2.48472303995e-06
3.18293132146e-06
2.57889977379e-06
3.11695359867e-06
3.33547927986e-06
3.62142788528e-06
2.49835371186e-06
3.22369448918e-06
2.67481033746e-06
3.05618106588e-06
2.93420647886e-06
3.69453548889e-06
3.19682831382e-06
2.547390456e-06
2.95350102283e-06
2.76179952199e-06
3.12364128058e-06
3.51259686579e-06
2.66464731365e-06
2.74228757624e-06
2.88368769047e-06
2.60041269336e-06
2.40628502525e-06
2.93489840844e-06
2.93016971022e-06
2.65279084072e-06
3.3340814459e-06
2.98186026209e-06
2.29848535253e-06
2.77753996812e-06
2.44244850711e-06
2.62530331882e-06
2.7630565322e-06
2.37596834824e-06
2.8886193059e-06
2.4372480266e-06
2.93097546558e-06
2.42789867594e-06
2.71462189873e-06
2.99186335183e-06
2.70740976485e-06
2.4679377361e-06
3.13278671153e-06
2.62059355141e-06
2.78184461362e-06
2.68165839083e-06
2.73416136681e-06
2.62716515586e-06
2.40756734531e-06
2.04835201089e-06
2.95730740699e-06
3.76807477386e-06
2.48928195219e-06
2.66485841839e-06
2.46301635693e-06
2.49286578042e-06
2.97000418303e-06
3.01127792147e-06
2.80207400265e-06
2.88535414831e-06
2.77276323001e-06
2.66456799125e-06
2.60936966038e-06
2.36769659855e-06
2.52868198555e-06
2.89466747926e-06
2.90527781854e-06
2.7920094006e-06
2.46868767681e-06
2.81044410376e-06
2.44011421303e-06
2.3916614846e-06
2.07175732722e-06
