0.000213369641641
0.000136570463335
0.000157453619004
0.000261887377601
0.000600742124719
0.0042743013101
0.00793633116387
0.000735693103201
0.000280946387109
0.000144659172786
0.000105957109153
9.45625511446e-05
8.17920434493e-05
8.36190082233e-05
0.000122402674867
0.000238970791183
0.00128541800783
0.00912689382787
0.000427060988252
0.000147342833983
8.60909124436e-05
5.08341858553e-05
4.53058438233e-05
3.90321279199e-05
3.59304578282e-05
4.22212289593e-05
5.30824955236e-05
0.000160734454284
0.00662227252617
9.97259362578e-05
3.64503736571e-05
2.55625518101e-05
2.63157981276e-05
1.87732230169e-05
1.85113478627e-05
1.47920936815e-05
1.33985293865e-05
1.19966972705e-05
3.71619972582e-05
0.00356655183603
2.96829768338e-05
1.66679604143e-05
1.43914448792e-05
1.01425148798e-05
9.17986563676e-06
1.82814975336e-05
1.48115523824e-05
1.19335477285e-05
1.96515125547e-05
3.99363194105e-05
0.00137102983917
0.000100179503431
2.58628939103e-05
1.84798483302e-05
1.68330453518e-05
1.05778180207e-05
1.8990058904e-05
1.35919101625e-05
1.23091426672e-05
2.37037347546e-05
4.9092316372e-05
0.000536518006334
0.000150624586278
3.17247475149e-05
2.44334936566e-05
1.86456002783e-05
9.24233119977e-06
1.58055506958e-05
1.15154280938e-05
1.16653668304e-05
1.28531622806e-05
4.06254475063e-05
0.000240435665791
0.000169816831704
3.17331430593e-05
1.90550387411e-05
1.22423718395e-05
1.2996724999e-05
1.19477526433e-05
7.25194007948e-06
1.50092073273e-05
1.49011930591e-05
2.79033221054e-05
0.00020265539959
0.000151193128946
1.56949827114e-05
1.28844188887e-05
9.31866184588e-06
9.52088928828e-06
1.04609723377e-05
8.94789246078e-06
9.62940361995e-06
7.7282135228e-06
1.39640917138e-05
0.000229966352147
0.000195253465166
1.38303607782e-05
8.44409367351e-06
9.72582378774e-06
1.30111958708e-05
1.14422884809e-05
