2.43643238176e-05
3.31055966614e-05
3.18844132971e-05
0.000203539310148
0.0148719866782
0.906964631848
0.0151914001497
0.000116473109177
0.000120515928773
0.000169227778404
0.00112271775775
0.000232597231935
2.28787834928e-05
0.000422145861287
0.00732405987712
0.0415051595023
0.00720422410623
0.000235975749622
2.09028413298e-05
3.16873188565e-05
0.000108614593101
1.41897478707e-05
1.99208035469e-07
9.49895523754e-05
0.000461663319359
0.000660925691002
0.000468019323632
6.53395961933e-05
2.44137588745e-05
7.26179456901e-06
8.97921718946e-07
1.66567841792e-05
3.96626553933e-05
0.000192068148563
0.000502894229363
0.000190557362669
0.000492715885518
0.000161684525419
4.66880396139e-06
2.58461583089e-06
1.00206761892e-06
1.52146740118e-06
3.0587336598e-05
7.4415193671e-05
6.62156263111e-05
5.95391924034e-06
6.49677788808e-05
7.03992753127e-05
7.89048713217e-06
1.30987243983e-06
4.26736085799e-08
7.68265621146e-06
1.89446356899e-05
4.17974477414e-05
2.00292876429e-05
4.45450915115e-06
1.59124876579e-05
3.82552493003e-05
1.56334223136e-05
3.56454697518e-07
5.92245953967e-07
2.62029347696e-06
1.74725601713e-05
1.24138217218e-05
8.60304607996e-07
6.0177605572e-06
1.13041520062e-06
1.50784841725e-05
1.07567398512e-05
1.12748989689e-06
6.64949920669e-07
2.26973171975e-06
7.35916162715e-06
2.61981376146e-06
5.7105058337e-08
5.14936520974e-06
1.41329534894e-06
5.60390332463e-06
8.73955800274e-06
3.15101332853e-08
3.52479491286e-06
4.71684390461e-06
7.65327997832e-06
1.3225333046e-06
1.86399994679e-06
4.90498897917e-07
6.43397297381e-07
7.19220565796e-06
6.52883936533e-06
8.93247529396e-07
2.4341179682e-06
3.35826979211e-06
2.92440345966e-06
1.97146408894e-08
4.51535593098e-07
3.72808675358e-07
1.3570790441e-06
2.13707119151e-07
3.10711635191e-06
1.70781086442e-06
3.87753167691e-07
