0.00587133310039
0.00622643119709
0.00613847510021
0.00617739656708
0.00600347398007
0.00533735952546
0.00580652804877
0.00550896280523
0.00533153668745
0.00512743932339
0.00489428423283
0.00468257241276
0.00446511999931
0.00411730023609
0.00389805754105
0.00351083303617
0.00342474877702
0.00306455952525
0.00277848439393
0.00249809374151
0.00221032119889
0.00198078876603
0.00172397977949
0.0014904740705
0.00125289997943
0.00107874210095
0.00089606298021
0.000711676719795
0.00054864213734
0.000417758627637
0.000294870038166
0.000191849014573
0.000132694501555
7.57834971824e-05
3.27970865575e-05
1.06780242098e-05
6.18578750287e-06
2.26268282186e-05
4.31794020311e-05
8.93215543922e-05
0.000137805369239
0.000196422601182
0.000255123638469
0.000322230555057
0.000397753308495
0.000484465736465
0.000574412749274
0.00066417693548
0.000734024486174
0.000820235304982
0.000928254460229
0.000969098663909
0.00105055310313
0.00108801368947
0.00115894839003
0.00119716136557
0.00122735952555
0.00124330993564
0.00125145237336
0.00128245172151
0.0012792293815
0.00124103202268
0.00126258488132
0.00122856804058
0.00116167768523
0.0011006003756
0.00105256832135
0.00103332740147
0.000955727824037
0.000937981352774
0.000859148442529
0.000766387722186
0.000754735526293
0.000665777879313
0.000607769000659
0.000552371709625
0.000493222588263
0.000421875210812
0.000403613045364
0.000331090487382
0.000279481078293
0.000241095692718
0.00020703175597
0.000160532498126
0.000145007468087
0.000119909112168
9.60805466692e-05
7.29381262894e-05
6.26514250172e-05
5.06559387167e-05
3.78144107314e-05
3.31985919297e-05
2.38382725242e-05
2.2167074305e-05
2.27307236822e-05
1.64592936622e-05
1.8274919528e-05
2.013006764e-05
1.62182914006e-05
2.14507274022e-05
2.26117043887e-05
