0.00559330302798
0.000360807201307
0.000232860682349
0.000223069271844
0.000323588390385
0.000538870119373
0.000869392365306
0.000310981515321
0.000232416912782
0.000267143913046
0.000253846488763
0.000755284745105
0.000255871382967
0.000232812885173
0.000231852184694
0.000248268085849
0.000243031027612
0.000591615058589
0.00036056288763
0.000229907952233
0.000235312142878
0.000158766788675
0.000232241820523
0.000178687876349
0.000231443249289
0.000203940308551
0.000182109752774
0.000202509179595
0.000802077967906
0.000238999434935
0.000178929091975
0.000193926665875
0.000206106220422
0.000174292954679
0.000195360446692
0.000163575353807
0.000180670482794
0.000225699733123
0.000170029528531
0.000347956330615
0.000280846745514
0.000172320486985
0.00022849010168
0.00022383708902
0.000199665966568
0.00019128086722
0.000196525761741
0.000199748411813
0.000176916452791
0.000233516205445
0.000216730803712
0.000321657870924
0.00015805204495
0.00019125994611
0.00018066669294
0.000158455989517
0.000242808121651
0.000167039924291
0.000166290571983
0.000155270490947
0.000136313978335
0.000158495049377
0.000170224204612
0.000135121788139
0.000168305833224
0.000210139216652
0.000125859178112
0.000230700138801
0.000216717661005
0.000243479913654
0.000183335310628
0.000168616982299
0.000157197216429
0.000196895260946
0.000137001378077
0.000113699336998
0.000151801508302
0.000134594330711
0.000184816735712
0.000173911716025
0.000167944960633
0.000192227353983
0.00018893756321
0.000181598442139
0.000203287216521
0.00024686108878
0.000195686351867
0.000203943498585
0.000178642938101
0.000203013328517
0.000191208899644
0.000197757292846
0.000157998292446
0.000218235607771
0.000209193966917
0.000175490766636
0.000171236989574
0.000166294576599
0.00023474764585
0.000196292213494
0.000174100865182
