2.31632811303e-05
3.31901294661e-06
4.92787816678e-06
1.0826778689e-05
0.000107770348333
0.00766329359185
0.000138602909033
1.47419981478e-05
8.02876668632e-06
7.3239309289e-06
9.22125589847e-06
1.27028182869e-05
1.73036047408e-05
6.97640650792e-05
0.000568223646424
0.00526828849435
0.000629658393284
8.53630513389e-05
2.65271388924e-05
1.84639316404e-05
1.60210207542e-05
2.25071869493e-05
4.02271955043e-05
0.000144647299282
0.000678108534435
0.00255431880238
0.000723930896031
0.000163552364758
3.20526970486e-05
1.94634556333e-05
1.58038643465e-05
3.00746919289e-05
5.27971233306e-05
0.000135451533199
0.000444475304847
0.000940163269556
0.000503615335107
0.00012902260207
4.73196038243e-05
1.36027655327e-05
1.26518597845e-05
2.10167136613e-05
3.41610689433e-05
6.77506669771e-05
0.000200324667413
0.000290969852331
0.00021395240711
6.82685520912e-05
3.01360129526e-05
1.70564747093e-05
9.94862805845e-06
1.17978269011e-05
2.00124784982e-05
3.38914416671e-05
7.19705887335e-05
9.06172005688e-05
7.41656098417e-05
3.43153004823e-05
1.17775739589e-05
1.05707692674e-05
6.11777118096e-06
7.0934163185e-06
9.58466841487e-06
2.04100091134e-05
3.86070649862e-05
4.52194860155e-05
3.30209956815e-05
2.40556507529e-05
1.013441552e-05
5.4112224294e-06
5.44887604743e-06
7.79153188117e-06
8.55274299929e-06
1.64758310275e-05
2.66768647404e-05
3.25947125698e-05
2.13920017664e-05
1.88941351554e-05
9.58748262568e-06
5.44764604878e-06
4.57754043771e-06
7.18191780589e-06
8.02365963543e-06
1.24015729973e-05
1.61185665231e-05
2.14656017272e-05
1.38181047401e-05
1.43074299259e-05
7.11368826933e-06
3.7802990648e-06
3.76721331843e-06
3.95856376598e-06
7.95135971825e-06
7.86740698369e-06
8.62906065324e-06
8.88125987865e-06
8.90153059567e-06
8.7506809154e-06
8.18710897768e-06
4.41930873668e-06
3.16941722194e-06
