0.0344832531336
0.000580561584562
0.000371590475658
0.000899912311597
0.000540849525313
0.0662639406392
0.000906974821871
0.000601465644471
0.000732573373185
0.00029694569005
0.00557820615062
0.00103616519661
0.000531786060495
0.00033237768354
0.000293674185292
0.00364997809182
0.00107010115104
0.000595639103382
0.000228558341623
0.00060471087607
0.00063587413904
0.000718121358046
0.000390458874251
0.000509213831288
0.000795536522352
0.00609642283414
0.00111274345553
0.000205929050424
0.000258939109684
0.000280899051713
0.000393811583857
0.00064658761438
0.00048838190294
0.000301096754859
0.0011847641103
0.00224797673301
0.000833893664515
0.000669143823969
0.000322371098437
0.000232380588564
0.000164329114137
0.000567836173422
0.000774108105211
0.000261738513092
0.000225034415884
0.000894099379237
0.000502433934261
0.000379963690645
0.000515290244668
0.00053126553401
0.000814954810228
0.000823425983231
0.000234567442832
0.00030059767293
0.000367448314674
0.000589961405151
0.000334204167005
0.000345454896563
0.000134603466998
0.000663083522633
0.000509721559804
0.000347983126321
0.000198968594344
0.00106858889533
0.000531452044527
0.000473340816877
0.000487047466325
0.000311675188912
0.000346518751287
0.000528360170225
0.000877596180956
0.000362906328436
0.000480132575044
0.000406420128035
0.000845392360205
0.000442433876353
0.000243001553491
0.000527657253289
0.000846717762972
0.000197743144982
0.000585109007461
0.000301108078317
0.000293035807019
0.000388572639573
0.000302149633222
0.000446083160385
0.000639855756759
0.000751564502183
0.000388178058957
0.00058004303113
0.000180326774492
0.000220644977007
0.000549298335934
0.000508060427164
0.000297235450391
0.00074285031565
0.000119870215084
0.000381023368742
0.000594800124755
0.000498789586557
0.000516198710078
